%YAML:1.0
---
ProjectionMatrix1: !!opencv-matrix
   rows: 3
   cols: 4
   dt: d
   data: [ 5.2720619602837053e+02, 0., 3.1874660067769662e+02, 0., 0.,
       5.2677412495283397e+02, 2.3956484028084125e+02, 0., 0., 0., 1.,
       0. ]
ProjectionMatrix2: !!opencv-matrix
   rows: 3
   cols: 4
   dt: d
   data: [ 1.2141557030272018e+03, -7.1861236689570674e+01,
       1.5117791794852774e+03, -1.5777994281462818e+03,
       -1.4898601673487121e+02, 1.6770891745918063e+03,
       7.0008454227011464e+02, 7.6135380963301259e+01,
       -3.4214388605815993e-01, 2.7755386981577548e-02,
       9.3923756298740735e-01, 7.8102336832904587e-02 ]
EssentialMatrix: !!opencv-matrix
   rows: 3
   cols: 3
   dt: d
   data: [ 6.1403931467942235e-03, 5.4902915816264039e-02,
       -7.1704758487443334e-03, 1.8941436833043077e-01,
       -1.6251065733111612e-02, -6.8103203825141723e-01,
       5.3297647019294063e-02, 7.0292782829616884e-01,
       -1.3570260344876930e-03 ]
RotationCameras: !!opencv-matrix
   rows: 3
   cols: 3
   dt: d
   data: [ 9.3733479787633167e-01, -6.0006371975718294e-02,
       3.4322399684819327e-01, 6.5886553432074876e-02,
       9.9781204333071405e-01, -5.4852767503327272e-03,
       -3.4214388605815993e-01, 2.7755386981577548e-02,
       9.3923756298740735e-01 ]
TranslationCameras: !!opencv-matrix
   rows: 3
   cols: 1
   dt: d
   data: [ -9.9689171897752038e-01, 1.0340484286739428e-02,
       7.8102336832904587e-02 ]
uptoscalevalue: 1.5946335358951773e+00
