%YAML:1.0
---
IntrinsicMat: !!opencv-matrix
   rows: 3
   cols: 3
   dt: d
   data: [ 5.2720619602837053e+02, 0., 3.1874660067769662e+02, 0.,
       5.2677412495283397e+02, 2.3956484028084125e+02, 0., 0., 1. ]
DistortionVec: !!opencv-matrix
   rows: 1
   cols: 5
   dt: d
   data: [ 2.5519561221049586e-01, -1.3691003744629555e+00,
       -3.9050311756534061e-03, -2.0398394430482590e-03,
       2.5024126436092113e+00 ]
