%YAML:1.0
---
IntrinsicMat: !!opencv-matrix
   rows: 3
   cols: 3
   dt: d
   data: [ 1.6612614149216454e+03, 0., 1.0025093053681562e+03, 0.,
       1.6597634435320551e+03, 7.5506861314434195e+02, 0., 0., 1. ]
DistortionVec: !!opencv-matrix
   rows: 1
   cols: 5
   dt: d
   data: [ 2.5686184532162321e-01, -1.3843210130051129e+00,
       -3.9612035227207529e-03, -2.4409006511685680e-03,
       2.5378727573790911e+00 ]
